8 0.764648 0.693848 0.0429688 0.0361328 0.230835
8 0.733887 0.365234 0.0576172 0.0351562 0.241089
8 0.29248 0.441406 0.0322266 0.0292969 0.248657
8 0.699219 0.376465 0.0390625 0.0400391 0.264648
8 0.711426 0.360352 0.0361328 0.0332031 0.27417
7 0.751465 0.583984 0.118164 0.222656 0.311279
8 0.784668 0.519531 0.0341797 0.0351562 0.34375
8 0.221191 0.331543 0.0283203 0.0244141 0.350098
8 0.65332 0.443359 0.0332031 0.0351562 0.371826
8 0.293457 0.304688 0.0224609 0.0234375 0.394043
8 0.599609 0.303711 0.0292969 0.03125 0.458984
8 0.203125 0.386719 0.0449219 0.0253906 0.511719
8 0.29248 0.516113 0.0498047 0.0498047 0.602051
8 0.750977 0.367188 0.0292969 0.0273438 0.614258
8 0.724609 0.433594 0.0273438 0.0234375 0.633789
8 0.350098 0.487305 0.0576172 0.0605469 0.699219
8 0.160156 0.59375 0.0292969 0.0273438 0.70752
8 0.194336 0.454102 0.0527344 0.0449219 0.74707
8 0.262207 0.384766 0.0537109 0.0625 0.765625
8 0.15625 0.665039 0.0429688 0.0449219 0.780273
8 0.699707 0.492676 0.0595703 0.0498047 0.792969
