7 0.240234 0.316895 0.101562 0.131836 0.169189
6 0.22998 0.396484 0.249023 0.308594 0.170532
10 0.116699 0.535156 0.176758 0.15625 0.175049
4 0.240234 0.3125 0.0878906 0.119141 0.192749
10 0.797852 0.662109 0.181641 0.101562 0.212158
7 0.237793 0.510742 0.213867 0.130859 0.214966
10 0.0639648 0.552734 0.104492 0.144531 0.333252
6 0.200684 0.335449 0.157227 0.18457 0.386475
11 0.624023 0.157227 0.148438 0.0332031 0.395508
0 0.505859 0.325195 0.111328 0.0976562 0.522461
10 0.852539 0.683105 0.103516 0.129883 0.527344
10 0.180176 0.566895 0.323242 0.22168 0.606934
