7 0.23291 0.546875 0.299805 0.1875 0.159546
13 0.244141 0.436035 0.339844 0.436523 0.166382
10 0.8125 0.631348 0.197266 0.174805 0.167603
3 0.582031 0.643555 0.455078 0.150391 0.17627
6 0.26123 0.533691 0.274414 0.19043 0.205811
8 0.727051 0.379395 0.0224609 0.0205078 0.237549
10 0.111328 0.657227 0.126953 0.0917969 0.270996
6 0.241699 0.452148 0.336914 0.396484 0.279541
10 0.190918 0.666016 0.288086 0.09375 0.490723
0 0.570801 0.330078 0.116211 0.126953 0.506836
10 0.861816 0.679688 0.125977 0.164062 0.543457
