2 0.125977 0.464844 0.0175781 0.015625 0.15332
2 0.570312 0.416504 0.0273438 0.0185547 0.154297
8 0.77002 0.697754 0.0166016 0.0185547 0.161621
2 0.152832 0.440918 0.0869141 0.0947266 0.173584
8 0.333008 0.388184 0.0195312 0.0185547 0.205444
8 0.745117 0.785156 0.015625 0.015625 0.223267
0 0.49707 0.406738 0.267578 0.206055 0.223511
8 0.181641 0.466309 0.015625 0.0126953 0.228516
2 0.181152 0.416992 0.0224609 0.0175781 0.240356
8 0.780762 0.533691 0.0205078 0.0185547 0.312012
8 0.105469 0.736816 0.0195312 0.0166016 0.312256
8 0.207031 0.546875 0.015625 0.015625 0.313965
8 0.117676 0.632812 0.0185547 0.015625 0.320312
8 0.770996 0.472168 0.0224609 0.0185547 0.379883
8 0.183105 0.603027 0.0166016 0.0166016 0.380615
2 0.144043 0.320801 0.0205078 0.0185547 0.383057
5 0.218262 0.500977 0.291992 0.492188 0.530273
3 0.537598 0.680664 0.436523 0.140625 0.567383
0 0.552246 0.378418 0.133789 0.147461 0.570312
