8 0.251465 0.572754 0.0146484 0.0126953 0.159424
8 0.235352 0.558105 0.0195312 0.0166016 0.160889
8 0.34375 0.578125 0.0136719 0.0117188 0.175903
8 0.311523 0.600098 0.158203 0.198242 0.179443
8 0.663086 0.640625 0.0214844 0.0195312 0.186157
8 0.217773 0.645996 0.0136719 0.0126953 0.187378
8 0.371094 0.428711 0.015625 0.0136719 0.195801
11 0.40918 0.1875 0.119141 0.0390625 0.238525
8 0.333496 0.381348 0.0126953 0.0126953 0.260498
8 0.216797 0.692871 0.0253906 0.0283203 0.275146
8 0.269043 0.654785 0.0185547 0.0166016 0.28125
8 0.242188 0.532715 0.0136719 0.0126953 0.282471
8 0.315918 0.39209 0.0126953 0.0146484 0.316406
8 0.318848 0.602051 0.0146484 0.0126953 0.320068
8 0.347656 0.726562 0.0292969 0.0273438 0.332764
8 0.25 0.630859 0.015625 0.0136719 0.336182
8 0.234375 0.676758 0.0136719 0.0136719 0.337402
8 0.292969 0.335449 0.0292969 0.0322266 0.356934
8 0.262207 0.546387 0.0166016 0.0146484 0.365234
11 0.589844 0.205078 0.078125 0.03125 0.369385
5 0.316895 0.50293 0.219727 0.419922 0.389404
8 0.313965 0.510742 0.208008 0.400391 0.445801
8 0.291504 0.64209 0.0185547 0.0166016 0.572754
5 0.664062 0.585938 0.160156 0.339844 0.645508
0 0.550781 0.357422 0.078125 0.0898438 0.72998
8 0.319336 0.635742 0.0351562 0.0292969 0.804199
