6 0.249023 0.325195 0.291016 0.443359 0.20166
7 0.236328 0.331543 0.283203 0.46582 0.240112
3 0.522461 0.539062 0.462891 0.185547 0.243774
6 0.694824 0.392578 0.27832 0.458984 0.244141
11 0.807129 0.636719 0.0517578 0.0839844 0.244385
10 0.0703125 0.589844 0.109375 0.234375 0.263184
10 0.808594 0.63623 0.0527344 0.0888672 0.275391
10 0.180664 0.523926 0.253906 0.297852 0.304443
0 0.521484 0.279297 0.109375 0.125 0.350342
7 0.678223 0.137207 0.106445 0.0888672 0.419189
5 0.700684 0.383789 0.280273 0.492188 0.530273
