12 0.0576172 0.597656 0.115234 0.804688 0.155884
12 0.623535 0.437012 0.436523 0.633789 0.156128
8 0.641602 0.23584 0.0527344 0.0419922 0.171143
7 0.641113 0.23584 0.0517578 0.0400391 0.19397
9 0.0229492 0.488281 0.0400391 0.558594 0.209595
9 0.138672 0.444824 0.242188 0.655273 0.248413
9 0.665039 0.435059 0.353516 0.614258 0.27417
9 0.377441 0.472656 0.34668 0.609375 0.303955
9 0.0390625 0.608887 0.0761719 0.782227 0.401611
12 0.13623 0.477539 0.266602 0.695312 0.413818
0 0.487793 0.296387 0.15918 0.182617 0.524902
9 0.826172 0.577637 0.134766 0.754883 0.579102
9 0.159668 0.0600586 0.102539 0.116211 0.6875
