13 0.341309 0.364746 0.245117 0.266602 0.156982
8 0.254883 0.392578 0.0410156 0.0234375 0.157471
13 0.328613 0.525879 0.30957 0.647461 0.188599
8 0.292969 0.349609 0.0332031 0.03125 0.189209
8 0.235352 0.790527 0.0195312 0.0166016 0.199341
8 0.39502 0.785645 0.0185547 0.0205078 0.201416
10 0.193848 0.933594 0.0380859 0.0507812 0.201538
5 0.285156 0.689453 0.197266 0.375 0.22644
8 0.882324 0.650391 0.0185547 0.015625 0.236938
8 0.807617 0.327148 0.0214844 0.0214844 0.239624
8 0.287109 0.687012 0.185547 0.379883 0.240479
13 0.42627 0.283691 0.112305 0.137695 0.261475
11 0.194336 0.935059 0.0390625 0.0478516 0.27832
8 0.256348 0.831543 0.0205078 0.0205078 0.281982
5 0.807617 0.633301 0.197266 0.520508 0.302246
5 0.321777 0.548828 0.334961 0.710938 0.355713
8 0.250977 0.702148 0.0195312 0.0175781 0.381592
11 0.414062 0.210449 0.162109 0.0439453 0.401123
0 0.630859 0.387695 0.105469 0.0878906 0.726562
