8 0.27832 0.208008 0.111328 0.0585938 0.170166
2 0.279297 0.207031 0.109375 0.0546875 0.182617
13 0.26709 0.414062 0.12793 0.0742188 0.186401
8 0.580566 0.17334 0.0224609 0.0263672 0.190308
11 0.637207 0.119141 0.0986328 0.0390625 0.192749
8 0.387695 0.4375 0.0996094 0.105469 0.203125
13 0.279785 0.205566 0.106445 0.0537109 0.218384
8 0.640137 0.5 0.0244141 0.0273438 0.270752
9 0.277344 0.20752 0.111328 0.0615234 0.276123
2 0.42041 0.371582 0.0263672 0.0322266 0.484619
13 0.307617 0.436035 0.199219 0.108398 0.580078
3 0.575684 0.67334 0.411133 0.176758 0.625977
0 0.59375 0.300781 0.113281 0.121094 0.776855
