8 0.348633 0.351562 0.111328 0.136719 0.151367
11 0.652344 0.166992 0.146484 0.0410156 0.173584
2 0.760254 0.395508 0.0517578 0.046875 0.187012
2 0.663086 0.265137 0.0566406 0.0771484 0.192139
8 0.587402 0.222656 0.0146484 0.015625 0.19397
13 0.708008 0.430664 0.261719 0.417969 0.222168
2 0.35498 0.335449 0.124023 0.168945 0.231445
13 0.266602 0.250977 0.09375 0.0839844 0.267822
13 0.320312 0.296387 0.197266 0.237305 0.275391
8 0.741211 0.348145 0.0390625 0.0341797 0.27832
2 0.739746 0.348145 0.0419922 0.0341797 0.288574
11 0.852051 0.85791 0.0419922 0.0615234 0.33252
11 0.116211 0.844727 0.0410156 0.0605469 0.355225
2 0.674805 0.560059 0.0351562 0.0361328 0.369141
2 0.70752 0.428711 0.243164 0.425781 0.425537
8 0.760254 0.397461 0.0537109 0.0410156 0.510254
