3 0.598633 0.703125 0.416016 0.173828 0.150513
13 0.21875 0.362793 0.0566406 0.112305 0.166992
8 0.682617 0.412109 0.0175781 0.0253906 0.222656
8 0.222656 0.410156 0.0273438 0.0273438 0.247192
7 0.876465 0.693359 0.0615234 0.0566406 0.29126
13 0.749023 0.313477 0.0761719 0.0644531 0.291748
8 0.758789 0.439453 0.03125 0.0234375 0.376221
11 0.306641 0.283691 0.210938 0.0869141 0.376709
8 0.879395 0.700684 0.0517578 0.0458984 0.383057
11 0.355957 0.255371 0.143555 0.0341797 0.427979
8 0.824707 0.648438 0.0341797 0.03125 0.552734
8 0.888184 0.708008 0.0283203 0.0273438 0.612793
0 0.59082 0.40625 0.115234 0.115234 0.814941
