7 0.770508 0.362793 0.246094 0.387695 0.150879
13 0.819336 0.487793 0.154297 0.131836 0.161865
13 0.164062 0.15625 0.0351562 0.0273438 0.174194
9 0.209961 0.60791 0.207031 0.112305 0.194702
11 0.338867 0.0478516 0.103516 0.0351562 0.212036
13 0.760742 0.237305 0.181641 0.138672 0.223877
13 0.767578 0.28125 0.242188 0.291016 0.228882
10 0.90918 0.605469 0.0566406 0.0859375 0.272461
11 0.908691 0.604492 0.0556641 0.0800781 0.297607
13 0.157227 0.17041 0.0527344 0.0595703 0.341064
11 0.71582 0.147949 0.298828 0.149414 0.345703
1 0.716797 0.157227 0.298828 0.164062 0.356934
13 0.787109 0.515625 0.101562 0.0859375 0.382568
