6 0.844727 0.711914 0.162109 0.152344 0.158813
13 0.336426 0.232422 0.125977 0.148438 0.168823
5 0.845215 0.713867 0.168945 0.148438 0.169434
11 0.0678711 0.722168 0.0419922 0.0751953 0.172241
13 0.157227 0.440918 0.146484 0.0712891 0.198608
7 0.856934 0.717285 0.141602 0.145508 0.214111
11 0.308105 0.162109 0.219727 0.0585938 0.226562
11 0.793457 0.195312 0.149414 0.0996094 0.289795
11 0.67627 0.189453 0.19043 0.0859375 0.397217
11 0.262207 0.185059 0.241211 0.102539 0.414062
0 0.581055 0.375 0.158203 0.152344 0.540039
3 0.580566 0.679688 0.545898 0.199219 0.729004
