13 0.737793 0.580078 0.227539 0.494141 0.164551
8 0.364258 0.520996 0.0585938 0.0615234 0.178345
8 0.271484 0.486816 0.320312 0.432617 0.183105
8 0.418945 0.661621 0.0234375 0.0224609 0.190308
8 0.256836 0.474121 0.0253906 0.0224609 0.216675
8 0.821289 0.760742 0.0253906 0.0234375 0.242798
8 0.797852 0.705078 0.03125 0.0351562 0.251465
6 0.283691 0.509766 0.31543 0.400391 0.267334
8 0.790527 0.722656 0.0322266 0.0332031 0.27002
6 0.725586 0.574707 0.228516 0.499023 0.272949
8 0.30127 0.30127 0.0263672 0.0244141 0.273438
8 0.211426 0.517578 0.0205078 0.015625 0.2771
8 0.675781 0.654297 0.152344 0.195312 0.32959
8 0.256836 0.560547 0.0351562 0.03125 0.349365
8 0.78125 0.713379 0.0625 0.0517578 0.352539
8 0.602539 0.681641 0.0371094 0.03125 0.365479
8 0.369141 0.58252 0.03125 0.0302734 0.422363
0 0.57373 0.416992 0.100586 0.0957031 0.458252
8 0.164062 0.604492 0.03125 0.0253906 0.518555
8 0.234863 0.599609 0.0380859 0.0332031 0.645996
8 0.330078 0.646973 0.0390625 0.0419922 0.686035
8 0.79541 0.780273 0.0400391 0.0332031 0.765625
