8 0.8125 0.399414 0.0253906 0.0214844 0.182739
8 0.616699 0.570801 0.0283203 0.0283203 0.196655
8 0.819336 0.587891 0.0292969 0.0273438 0.223633
8 0.657715 0.599609 0.0322266 0.0273438 0.2323
5 0.714355 0.461914 0.254883 0.390625 0.251221
6 0.308105 0.466797 0.264648 0.398438 0.310791
5 0.309082 0.466309 0.260742 0.418945 0.3125
13 0.199219 0.506348 0.0390625 0.0244141 0.322998
8 0.791992 0.513184 0.0234375 0.0224609 0.333496
8 0.340332 0.584473 0.0302734 0.0341797 0.335449
8 0.669434 0.524902 0.0458984 0.0419922 0.342041
8 0.658203 0.290527 0.0195312 0.0166016 0.359863
8 0.710938 0.463867 0.285156 0.388672 0.435059
8 0.731445 0.496582 0.0234375 0.0185547 0.468994
8 0.790527 0.581543 0.0322266 0.0322266 0.537109
8 0.779297 0.34375 0.0429688 0.0410156 0.568359
