2 0.178223 0.466309 0.0263672 0.0283203 0.152588
8 0.217773 0.360352 0.0175781 0.0136719 0.154053
2 0.217773 0.41748 0.0585938 0.0986328 0.155762
2 0.160156 0.556641 0.0761719 0.121094 0.157471
9 0.215332 0.442383 0.0361328 0.0410156 0.157837
7 0.161133 0.553711 0.078125 0.101562 0.182007
8 0.174805 0.463867 0.0253906 0.0273438 0.191162
2 0.27832 0.586426 0.0761719 0.0830078 0.214355
2 0.216797 0.4375 0.0410156 0.0546875 0.250977
9 0.217285 0.424316 0.0556641 0.0849609 0.25415
8 0.115234 0.515137 0.0351562 0.0439453 0.262451
11 0.32959 0.0922852 0.147461 0.0595703 0.276611
8 0.276855 0.586914 0.0673828 0.0722656 0.299561
8 0.256836 0.685547 0.0292969 0.0253906 0.348877
8 0.158691 0.556152 0.0791016 0.104492 0.490234
3 0.587402 0.651367 0.500977 0.177734 0.73584
