8 0.259277 0.5 0.22168 0.181641 0.159912
8 0.720703 0.67041 0.0429688 0.0556641 0.173096
7 0.614258 0.275391 0.107422 0.160156 0.21521
7 0.195801 0.548828 0.0654297 0.0664062 0.22937
13 0.197266 0.546875 0.0703125 0.0742188 0.232178
11 0.881348 0.868652 0.0302734 0.0498047 0.251465
8 0.288574 0.498535 0.0654297 0.0458984 0.270508
8 0.290527 0.499023 0.0302734 0.0273438 0.330566
8 0.70459 0.275391 0.0224609 0.0253906 0.336426
13 0.681641 0.38623 0.175781 0.270508 0.358643
8 0.194824 0.548828 0.0712891 0.0703125 0.365723
8 0.137207 0.580566 0.0244141 0.0263672 0.51123
13 0.190918 0.368652 0.0986328 0.0615234 0.571289
8 0.712891 0.32959 0.0429688 0.0439453 0.572754
8 0.293945 0.455566 0.0390625 0.0595703 0.578125
0 0.541992 0.369141 0.119141 0.140625 0.725586
