6 0.705566 0.338379 0.18457 0.243164 0.217041
6 0.256836 0.556641 0.0976562 0.0839844 0.21814
7 0.699707 0.340332 0.18457 0.249023 0.220093
6 0.303711 0.55957 0.197266 0.185547 0.237671
7 0.257324 0.56543 0.100586 0.107422 0.239624
4 0.704102 0.336426 0.189453 0.25293 0.250732
6 0.32373 0.429688 0.258789 0.449219 0.25293
12 0.666504 0.195312 0.137695 0.0957031 0.275146
11 0.193359 0.688965 0.0664062 0.0966797 0.283203
7 0.663574 0.178223 0.145508 0.108398 0.304688
10 0.194336 0.6875 0.0664062 0.103516 0.350098
4 0.313477 0.32959 0.146484 0.225586 0.354248
0 0.577637 0.313965 0.0908203 0.0966797 0.364746
11 0.671875 0.177734 0.158203 0.109375 0.488525
