5 0.229004 0.481445 0.266602 0.560547 0.153198
8 0.178223 0.3125 0.0205078 0.0214844 0.160645
7 0.780273 0.597168 0.130859 0.168945 0.168945
11 0.878906 0.696777 0.0839844 0.0576172 0.179688
7 0.808105 0.566406 0.0732422 0.105469 0.22583
7 0.880859 0.698242 0.078125 0.0585938 0.242432
8 0.199707 0.371094 0.0673828 0.0585938 0.279785
13 0.808594 0.566406 0.0703125 0.107422 0.292236
10 0.118652 0.742188 0.106445 0.154297 0.477539
3 0.564453 0.625 0.476562 0.1875 0.523926
0 0.527344 0.305664 0.132812 0.138672 0.528809
2 0.53125 0.302734 0.125 0.126953 0.575684
8 0.242188 0.280273 0.0839844 0.0800781 0.779297
