8 0.772461 0.465332 0.318359 0.586914 0.152222
11 0.666992 0.152832 0.148438 0.0810547 0.178589
8 0.136719 0.428223 0.0292969 0.0283203 0.194824
10 0.0546875 0.793945 0.0605469 0.09375 0.207275
8 0.800781 0.593262 0.0429688 0.0673828 0.230835
8 0.316895 0.287109 0.0478516 0.0605469 0.237671
11 0.0522461 0.793457 0.0595703 0.0947266 0.251953
8 0.371094 0.459961 0.0488281 0.0566406 0.25708
10 0.913574 0.846191 0.0654297 0.0947266 0.262695
11 0.915527 0.849121 0.0615234 0.0986328 0.29126
8 0.289551 0.682129 0.0361328 0.0322266 0.29248
8 0.791992 0.58252 0.0332031 0.0244141 0.342285
8 0.424316 0.304199 0.0634766 0.0849609 0.343994
8 0.807617 0.452148 0.0351562 0.0351562 0.351562
8 0.302246 0.218262 0.0341797 0.0341797 0.410156
8 0.192383 0.698242 0.0527344 0.0429688 0.416016
8 0.186523 0.543457 0.0292969 0.0302734 0.437744
8 0.904785 0.613281 0.0537109 0.0449219 0.454834
8 0.338379 0.624512 0.102539 0.100586 0.459717
8 0.372559 0.297363 0.15332 0.12207 0.465576
8 0.81543 0.561035 0.0605469 0.0634766 0.492432
8 0.323242 0.544922 0.148438 0.253906 0.508789
8 0.90332 0.51709 0.0332031 0.0341797 0.513672
8 0.727539 0.28418 0.271484 0.236328 0.517578
8 0.773926 0.403809 0.0439453 0.0361328 0.553223
8 0.208008 0.686523 0.0800781 0.0722656 0.599121
8 0.800781 0.506836 0.0273438 0.0292969 0.60498
8 0.170898 0.307617 0.0449219 0.0371094 0.608398
8 0.143555 0.715332 0.0585938 0.0400391 0.626465
8 0.835938 0.363281 0.0351562 0.03125 0.635742
8 0.787598 0.623047 0.0478516 0.0449219 0.662109
8 0.10498 0.530762 0.0361328 0.0322266 0.670898
8 0.687012 0.518066 0.0908203 0.0869141 0.709473
8 0.769043 0.46875 0.0419922 0.0390625 0.727051
8 0.910645 0.65625 0.0419922 0.0410156 0.72998
8 0.13623 0.640137 0.0966797 0.0791016 0.72998
8 0.120117 0.48291 0.0332031 0.0283203 0.740723
8 0.174805 0.483887 0.0664062 0.0673828 0.751953
8 0.724121 0.430176 0.0576172 0.0439453 0.759277
8 0.200684 0.373047 0.0947266 0.0820312 0.771973
8 0.85791 0.414062 0.0576172 0.046875 0.771973
8 0.845215 0.713379 0.0537109 0.0458984 0.791504
8 0.262695 0.529785 0.0625 0.0498047 0.821777
