9 0.814941 0.333496 0.0166016 0.0224609 0.181152
7 0.416992 0.406738 0.0351562 0.0302734 0.203247
8 0.779785 0.319336 0.0322266 0.0273438 0.213867
8 0.845215 0.384277 0.0224609 0.0244141 0.251221
7 0.328125 0.365723 0.0273438 0.0380859 0.25293
8 0.32666 0.371582 0.0244141 0.0263672 0.265625
8 0.763672 0.460449 0.03125 0.0283203 0.285645
8 0.41748 0.407227 0.0361328 0.0292969 0.289795
7 0.850586 0.59375 0.0566406 0.0585938 0.325684
8 0.845703 0.599121 0.0390625 0.0361328 0.339844
8 0.838379 0.566406 0.0244141 0.0273438 0.367188
8 0.821777 0.518066 0.0263672 0.0224609 0.373047
8 0.808105 0.479492 0.0322266 0.03125 0.374268
8 0.854004 0.427246 0.0185547 0.0185547 0.402344
8 0.790527 0.573242 0.0185547 0.0195312 0.427002
8 0.853027 0.457031 0.0302734 0.0292969 0.687988
3 0.632324 0.574219 0.34082 0.109375 0.696289
0 0.648438 0.32959 0.101562 0.110352 0.814941
