5 0.733887 0.411133 0.217773 0.34375 0.151855
11 0.929688 0.707031 0.0527344 0.0761719 0.156738
10 0.929688 0.708008 0.0507812 0.0800781 0.15686
13 0.736816 0.304688 0.137695 0.136719 0.158936
13 0.304688 0.473145 0.0957031 0.0654297 0.212036
11 0.662109 0.145508 0.113281 0.0351562 0.236694
10 0.065918 0.744629 0.0478516 0.0556641 0.275879
11 0.065918 0.744629 0.0478516 0.0556641 0.297607
13 0.8125 0.407227 0.0644531 0.03125 0.379883
8 0.631348 0.554199 0.129883 0.155273 0.420166
11 0.317871 0.168945 0.237305 0.0878906 0.432373
13 0.728027 0.370117 0.206055 0.248047 0.48999
13 0.29248 0.335449 0.213867 0.34668 0.504883
0 0.551758 0.319824 0.103516 0.108398 0.610352
