13 0.786621 0.358887 0.0908203 0.151367 0.157593
11 0.35791 0.172363 0.110352 0.0322266 0.16394
13 0.854004 0.714355 0.0693359 0.12207 0.169067
13 0.23877 0.57666 0.100586 0.0341797 0.173584
7 0.789062 0.378906 0.0898438 0.121094 0.191284
6 0.787109 0.375 0.0859375 0.130859 0.19165
13 0.311523 0.226074 0.197266 0.124023 0.212646
7 0.84082 0.567871 0.0488281 0.0498047 0.217285
7 0.288574 0.237793 0.157227 0.110352 0.235596
13 0.824219 0.668457 0.101562 0.0498047 0.244995
11 0.876465 0.768066 0.0419922 0.0771484 0.24585
10 0.166016 0.783691 0.0507812 0.0712891 0.265381
13 0.825684 0.691406 0.116211 0.113281 0.328369
11 0.164551 0.779297 0.0517578 0.0722656 0.358154
13 0.842285 0.568359 0.0498047 0.0546875 0.369629
11 0.625 0.145508 0.130859 0.0332031 0.63916
0 0.552246 0.310547 0.102539 0.113281 0.751953
