11 0.36084 0.102539 0.180664 0.0566406 0.209473
8 0.20459 0.320312 0.0185547 0.0136719 0.216797
11 0.645508 0.130371 0.140625 0.0751953 0.227783
11 0.638672 0.104004 0.138672 0.0341797 0.232056
13 0.641113 0.13623 0.0439453 0.0556641 0.299561
8 0.688965 0.156738 0.0283203 0.0283203 0.38501
13 0.303711 0.220703 0.238281 0.251953 0.401123
13 0.667969 0.156738 0.113281 0.0927734 0.404053
11 0.291504 0.143066 0.206055 0.131836 0.4104
3 0.51123 0.492188 0.416992 0.185547 0.520508
0 0.550781 0.263184 0.128906 0.141602 0.79834
