11 0.863281 0.890625 0.0410156 0.0625 0.152466
9 0.42334 0.48291 0.0712891 0.170898 0.163818
7 0.429199 0.585449 0.0947266 0.327148 0.16394
9 0.475098 0.800781 0.15332 0.158203 0.179077
5 0.782227 0.821289 0.173828 0.107422 0.253418
10 0.245605 0.879883 0.0439453 0.0644531 0.275635
11 0.244629 0.881348 0.0419922 0.0556641 0.298584
9 0.432617 0.536621 0.09375 0.338867 0.309326
8 0.614746 0.360352 0.135742 0.128906 0.310547
0 0.620117 0.357422 0.132812 0.132812 0.317871
2 0.624023 0.36084 0.119141 0.125977 0.504395
