11 0.0991211 0.83252 0.0302734 0.0361328 0.151001
8 0.754395 0.327148 0.22168 0.197266 0.152344
11 0.865234 0.793945 0.0546875 0.09375 0.161377
8 0.657227 0.304688 0.0214844 0.0175781 0.164917
8 0.848633 0.374512 0.0449219 0.0322266 0.199585
13 0.248047 0.287598 0.257812 0.143555 0.203125
11 0.320312 0.0966797 0.154297 0.0429688 0.218872
13 0.759766 0.324707 0.203125 0.182617 0.223877
13 0.850098 0.375 0.0419922 0.0292969 0.237671
8 0.748535 0.279785 0.0263672 0.0263672 0.254639
10 0.860352 0.796875 0.0625 0.103516 0.315918
8 0.84082 0.456543 0.0410156 0.0576172 0.316162
8 0.73291 0.27832 0.0537109 0.0371094 0.349609
0 0.572266 0.312988 0.109375 0.104492 0.351318
13 0.817383 0.395508 0.109375 0.0742188 0.376953
8 0.811523 0.257324 0.0527344 0.0458984 0.579102
8 0.791992 0.337891 0.0273438 0.0273438 0.614746
13 0.207031 0.296875 0.148438 0.0683594 0.625
