11 0.65625 0.159668 0.167969 0.0595703 0.259766
10 0.879883 0.748535 0.130859 0.108398 0.269531
10 0.910156 0.755371 0.0625 0.0908203 0.310303
10 0.275391 0.657227 0.296875 0.152344 0.312744
7 0.295898 0.543457 0.261719 0.143555 0.347168
3 0.618164 0.639648 0.447266 0.191406 0.353516
11 0.328613 0.179688 0.145508 0.0761719 0.360107
10 0.179199 0.629395 0.0966797 0.145508 0.401123
10 0.293457 0.570801 0.288086 0.21582 0.459229
13 0.268066 0.447266 0.165039 0.0527344 0.608398
0 0.581055 0.305664 0.107422 0.119141 0.623047
