8 0.449219 0.299805 0.0234375 0.0214844 0.154175
2 0.620117 0.29248 0.166016 0.125977 0.16748
0 0.641602 0.351074 0.160156 0.124023 0.19751
8 0.410645 0.360352 0.0380859 0.0390625 0.219604
2 0.632324 0.306152 0.0830078 0.0712891 0.228027
2 0.364258 0.438477 0.0800781 0.046875 0.293213
8 0.403809 0.365723 0.0654297 0.0673828 0.317383
5 0.847656 0.590332 0.113281 0.0810547 0.343506
9 0.363281 0.208008 0.0214844 0.0234375 0.384033
3 0.643555 0.5625 0.371094 0.21875 0.394043
13 0.364258 0.440918 0.0703125 0.0419922 0.405518
0 0.611816 0.287598 0.192383 0.137695 0.537109
