11 0.21875 0.28418 0.09375 0.0566406 0.168823
8 0.753418 0.515137 0.0322266 0.0419922 0.190063
8 0.645996 0.345703 0.0185547 0.0195312 0.196411
13 0.630859 0.445801 0.0722656 0.0966797 0.209717
13 0.675781 0.433594 0.191406 0.205078 0.236694
13 0.211914 0.5 0.214844 0.115234 0.314453
8 0.568359 0.506348 0.078125 0.0810547 0.335693
8 0.168945 0.421875 0.0371094 0.0273438 0.340088
0 0.51416 0.425293 0.0986328 0.0888672 0.371338
11 0.611816 0.264648 0.141602 0.046875 0.411133
9 0.566895 0.507324 0.0810547 0.0849609 0.466064
13 0.237305 0.416016 0.183594 0.183594 0.533203
