13 0.160156 0.543457 0.107422 0.145508 0.179932
5 0.208008 0.591309 0.181641 0.186523 0.293701
11 0.282715 0.134277 0.0986328 0.0263672 0.295898
13 0.672852 0.264648 0.0917969 0.0976562 0.342285
13 0.624023 0.219238 0.152344 0.0947266 0.367188
13 0.664062 0.240234 0.0605469 0.0507812 0.403076
13 0.195312 0.583496 0.183594 0.208008 0.412598
7 0.635742 0.576172 0.195312 0.240234 0.420898
4 0.636719 0.572266 0.1875 0.226562 0.490234
10 0.718262 0.628906 0.141602 0.269531 0.523926
13 0.257812 0.229492 0.160156 0.150391 0.666504
0 0.494141 0.356934 0.115234 0.106445 0.773438
