10 0.82666 0.766602 0.165039 0.111328 0.150146
10 0.864746 0.788086 0.0927734 0.0917969 0.151245
5 0.736328 0.472168 0.292969 0.633789 0.154175
7 0.770996 0.726562 0.235352 0.152344 0.172852
7 0.319824 0.664062 0.12793 0.134766 0.173584
0 0.560547 0.358398 0.117188 0.126953 0.183472
6 0.314941 0.644531 0.145508 0.181641 0.189087
3 0.541016 0.686523 0.402344 0.169922 0.199097
5 0.285645 0.617188 0.176758 0.228516 0.203247
5 0.291016 0.47168 0.240234 0.537109 0.325928
8 0.761719 0.530762 0.0390625 0.0458984 0.334717
