11 0.0766602 0.740234 0.0439453 0.0703125 0.163452
7 0.21875 0.339844 0.0859375 0.0898438 0.179688
10 0.817383 0.761719 0.0605469 0.0839844 0.195801
7 0.794434 0.672363 0.0712891 0.116211 0.204712
13 0.797363 0.677246 0.0654297 0.108398 0.206787
11 0.821777 0.762207 0.0478516 0.0810547 0.206909
3 0.501953 0.630859 0.566406 0.220703 0.250977
4 0.197754 0.388672 0.131836 0.201172 0.251709
7 0.195312 0.388672 0.123047 0.203125 0.28833
8 0.223145 0.336426 0.0810547 0.0908203 0.370361
8 0.311523 0.462402 0.240234 0.305664 0.535645
0 0.602051 0.375 0.15332 0.160156 0.760742
