13 0.729492 0.532715 0.0996094 0.0439453 0.168823
11 0.707031 0.240234 0.117188 0.0664062 0.181641
0 0.575195 0.361816 0.0957031 0.0849609 0.209229
13 0.741211 0.538086 0.162109 0.0917969 0.234741
8 0.618164 0.27002 0.117188 0.116211 0.239014
7 0.762695 0.560547 0.195312 0.146484 0.303955
11 0.665039 0.254883 0.191406 0.109375 0.321045
7 0.617188 0.267578 0.111328 0.113281 0.36499
10 0.836426 0.586914 0.104492 0.15625 0.461426
10 0.76416 0.57666 0.249023 0.19043 0.518066
8 0.784668 0.357422 0.0712891 0.0625 0.761719
