7 0.755371 0.641602 0.143555 0.132812 0.156494
2 0.186523 0.75 0.0429688 0.0332031 0.165771
11 0.167969 0.630371 0.0722656 0.188477 0.244751
8 0.195801 0.647949 0.0244141 0.0322266 0.256836
11 0.180664 0.591797 0.0449219 0.105469 0.286865
2 0.194824 0.640625 0.0263672 0.046875 0.29541
8 0.644531 0.182617 0.03125 0.0253906 0.307861
2 0.182129 0.591309 0.0419922 0.100586 0.314941
8 0.746582 0.642578 0.157227 0.142578 0.369873
13 0.275879 0.469727 0.0537109 0.0585938 0.521973
3 0.609863 0.666504 0.432617 0.139648 0.529785
0 0.610352 0.329102 0.125 0.125 0.801758
