8 0.806152 0.522949 0.145508 0.118164 0.161133
7 0.315918 0.404785 0.147461 0.108398 0.165527
6 0.31543 0.410645 0.144531 0.118164 0.176392
13 0.265625 0.199707 0.240234 0.245117 0.187256
8 0.820312 0.542969 0.0820312 0.0664062 0.189941
13 0.313965 0.398926 0.135742 0.0830078 0.221069
8 0.630859 0.214355 0.15625 0.196289 0.239624
8 0.781738 0.325195 0.354492 0.527344 0.241333
6 0.874023 0.488281 0.164062 0.220703 0.248535
11 0.921875 0.617188 0.0917969 0.09375 0.275635
10 0.228027 0.54248 0.30957 0.129883 0.283447
11 0.121582 0.48877 0.0908203 0.168945 0.285889
7 0.880371 0.488281 0.143555 0.208984 0.302979
13 0.271484 0.299316 0.326172 0.407227 0.329102
11 0.320801 0.0776367 0.166992 0.0927734 0.331543
10 0.924805 0.614746 0.0839844 0.0927734 0.355713
10 0.118652 0.511719 0.0888672 0.140625 0.366943
13 0.236816 0.362305 0.213867 0.123047 0.420654
0 0.62207 0.209961 0.162109 0.175781 0.539062
3 0.614746 0.506836 0.514648 0.189453 0.616699
8 0.725586 0.36084 0.0527344 0.0361328 0.678711
