10 0.0605469 0.702148 0.0878906 0.103516 0.150513
11 0.0419922 0.707031 0.0449219 0.0605469 0.17627
10 0.782715 0.730469 0.204102 0.0703125 0.20752
11 0.865723 0.722168 0.0439453 0.0595703 0.210083
7 0.233887 0.414062 0.147461 0.167969 0.240845
0 0.543457 0.35498 0.114258 0.0947266 0.251709
10 0.0463867 0.709473 0.0498047 0.0693359 0.286377
6 0.245117 0.423828 0.162109 0.150391 0.308105
3 0.5625 0.660156 0.457031 0.171875 0.330566
10 0.86084 0.723145 0.0576172 0.0732422 0.341553
10 0.190918 0.703125 0.34082 0.0996094 0.37207
