7 0.739746 0.560059 0.182617 0.139648 0.171265
13 0.75293 0.534668 0.142578 0.108398 0.216675
7 0.439453 0.192383 0.0742188 0.167969 0.218872
2 0.585449 0.330078 0.0849609 0.0722656 0.220581
10 0.808105 0.587891 0.0693359 0.101562 0.229004
2 0.581055 0.322266 0.111328 0.146484 0.245483
10 0.769531 0.601562 0.144531 0.142578 0.518555
3 0.589844 0.563477 0.363281 0.132812 0.52832
13 0.780273 0.509766 0.0683594 0.0273438 0.655762
13 0.338379 0.489258 0.139648 0.117188 0.671875
0 0.57666 0.307129 0.118164 0.124023 0.691406
